Index,Open,High,Low,Close,Volume,Adjusted
2014-01-01,9.43,9.43,9.43,9.43,0,8.85
2014-01-02,9.44,9.45,9.29,9.33,69821000,8.76
2014-01-03,9.28,9.3,9.08,9.14,88351900,8.58
2014-01-06,9.31,9.34,9.13,9.19,117267700,8.62
2014-01-07,9.17,9.21,9.01,9.14,72150900,8.58
2014-01-08,9.14,9.32,9.11,9.2,78603400,8.63
2014-01-09,9.2,9.44,9.16,9.29,109976700,8.72
2014-01-10,9.28,9.45,9.24,9.41,93379900,8.83
2014-01-13,9.44,9.47,9.33,9.39,65935300,8.81
2014-01-14,9.4,9.43,9.25,9.4,79710200,8.82
2014-01-15,9.39,9.4,9.16,9.23,77606600,8.66
2014-01-16,9.22,9.26,9.17,9.18,67204700,8.62
2014-01-17,9.17,9.17,9.07,9.12,66047400,8.56
2014-01-20,9.1,9.13,9.04,9.07,42094700,8.51
2014-01-21,9.1,9.26,9.09,9.16,47596000,8.6
2014-01-22,9.18,9.38,9.17,9.34,91387200,8.77
2014-01-23,9.31,9.34,9.21,9.22,63055400,8.65
2014-01-24,9.17,9.32,9.14,9.23,70757200,8.66
2014-01-27,9.19,9.2,9.1,9.12,69858600,8.56
2014-01-28,9.12,9.29,9.12,9.19,57333600,8.62
2014-01-29,9.24,9.31,9.2,9.29,71042800,8.72
2014-01-30,9.27,9.3,9.15,9.17,52508900,8.61
2014-01-31,9.17,9.17,9.17,9.17,0,8.61
2014-02-03,9.17,9.17,9.17,9.17,0,8.61
2014-02-05,9.17,9.17,9.17,9.17,0,8.61
2014-02-06,9.17,9.17,9.17,9.17,0,8.61
2014-02-07,9.13,9.18,9.07,9.18,51136900,8.62
2014-02-10,9.18,9.3,9.16,9.29,91573100,8.72
2014-02-11,9.31,9.68,9.22,9.54,212392400,8.95
2014-02-12,9.5,9.64,9.44,9.5,106449300,8.92
2014-02-13,9.48,9.84,9.41,9.6,197765100,9.01
2014-02-14,9.6,9.63,9.51,9.59,80503200,9
2014-02-17,9.62,9.66,9.48,9.52,107916200,8.93
2014-02-18,9.51,9.51,9.23,9.26,131972200,8.69
2014-02-19,9.25,9.57,9.2,9.49,150729700,8.91
2014-02-20,9.53,9.73,9.36,9.39,144607300,8.81
2014-02-21,9.39,9.43,9.22,9.29,81919100,8.72
2014-02-24,9.2,9.21,8.97,9.01,135269200,8.46
2014-02-25,9.01,9.08,8.81,8.83,112988100,8.29
2014-02-26,8.81,8.89,8.77,8.85,79811000,8.31
2014-02-27,8.85,9.03,8.81,8.94,112556000,8.39
2014-02-28,8.9,9.01,8.8,8.91,75427800,8.36
2014-03-03,8.91,8.92,8.81,8.85,81389900,8.31
2014-03-04,8.84,8.91,8.68,8.87,113473800,8.32
2014-03-05,8.86,8.88,8.68,8.7,66776200,8.17
2014-03-06,8.7,8.86,8.62,8.8,105221600,8.26
2014-03-07,8.8,8.91,8.71,8.73,85996600,8.19
2014-03-10,8.67,8.71,8.42,8.44,100335900,7.92
2014-03-11,8.43,8.53,8.39,8.46,71119500,7.94
2014-03-12,8.47,8.67,8.39,8.56,110468600,8.03
2014-03-13,8.76,9.13,8.68,8.84,198115800,8.3
2014-03-14,8.78,9.03,8.72,8.99,179769200,8.44
2014-03-17,8.99,8.99,8.99,8.99,0,8.44
2014-03-18,9.22,9.23,8.87,8.89,167965300,8.34
2014-03-19,8.85,9.07,8.76,9.05,93838200,8.49
2014-03-20,8.96,9.2,8.95,8.99,166058700,8.44
2014-03-21,8.98,9.89,8.97,9.89,577730100,9.28
2014-03-24,9.89,10.01,9.74,9.8,550938100,9.2
2014-03-25,9.76,9.86,9.68,9.75,225324400,9.15
2014-03-26,9.78,9.83,9.51,9.58,188654700,8.99
2014-03-27,9.53,9.94,9.48,9.69,310183400,9.09
2014-03-28,9.64,9.92,9.6,9.67,235609600,9.08
2014-03-31,9.7,9.77,9.57,9.72,117957900,9.12
2014-04-01,9.66,9.84,9.63,9.73,121142200,9.13
2014-04-02,9.75,10.04,9.71,9.94,221487000,9.33
2014-04-03,9.94,10,9.64,9.67,202589100,9.08
2014-04-04,9.62,9.75,9.57,9.73,103710100,9.13
2014-04-07,9.73,9.73,9.73,9.73,0,9.13
2014-04-08,9.71,10.31,9.71,10.14,389948100,9.52
2014-04-09,10.12,10.19,10.03,10.1,166971700,9.48
2014-04-10,10.14,10.41,10.03,10.23,251774100,9.6
2014-04-11,10.18,10.32,10.14,10.25,187981800,9.62
2014-04-14,10.25,10.29,10.09,10.12,133566600,9.5
2014-04-15,10.07,10.08,9.82,9.85,176166100,9.24
2014-04-16,9.82,9.97,9.81,9.9,100765500,9.29
2014-04-17,9.93,9.97,9.74,9.76,147878400,9.16
2014-04-18,9.73,9.81,9.63,9.78,115394400,9.18
2014-04-21,9.74,9.96,9.68,9.71,131392300,9.11
2014-04-22,9.68,9.92,9.66,9.9,141231400,9.29
2014-04-23,9.85,10,9.83,9.88,136419500,9.27
2014-04-24,9.9,9.98,9.85,9.87,82309400,9.26
2014-04-25,9.92,10.06,9.82,9.84,180573500,9.23
2014-04-28,9.82,9.87,9.65,9.67,123425100,9.08
2014-04-29,9.67,9.82,9.65,9.8,88443300,9.2
2014-04-30,9.98,10.02,9.76,9.77,142558900,9.17
2014-05-01,9.77,9.77,9.77,9.77,0,9.17
2014-05-02,9.77,9.77,9.77,9.77,0,9.17
2014-05-05,9.77,9.79,9.58,9.74,103509000,9.14
2014-05-06,9.7,9.8,9.67,9.7,58797600,9.1
2014-05-07,9.69,9.75,9.64,9.66,55972700,9.07
2014-05-08,9.66,9.87,9.64,9.75,95225800,9.15
2014-05-09,9.75,9.82,9.69,9.76,74829300,9.16
2014-05-12,9.85,9.96,9.79,9.93,129589500,9.32
2014-05-13,9.9,9.94,9.83,9.9,66182500,9.29
2014-05-14,9.89,9.92,9.78,9.81,114355100,9.21
2014-05-15,9.79,9.83,9.71,9.73,70426900,9.13
2014-05-16,9.7,9.8,9.7,9.75,57142200,9.15
2014-05-19,9.72,9.72,9.47,9.52,137405900,8.93
2014-05-20,9.56,9.6,9.48,9.55,64057700,8.96
2014-05-21,9.52,9.61,9.41,9.6,54298000,9.01
2014-05-22,9.59,9.73,9.57,9.6,71688600,9.01
2014-05-23,9.61,9.7,9.59,9.7,47057300,9.1
2014-05-26,9.76,9.78,9.69,9.74,54108900,9.14
2014-05-27,9.73,9.74,9.62,9.66,74436100,9.07
2014-05-28,9.66,9.72,9.6,9.68,92478300,9.08
2014-05-29,9.68,9.72,9.6,9.62,75258500,9.03
2014-05-30,9.62,9.63,9.55,9.57,69096800,8.98
2014-06-02,9.57,9.57,9.57,9.57,0,8.98
2014-06-03,9.59,9.64,9.53,9.54,70641200,8.95
2014-06-04,9.55,9.56,9.4,9.45,86246400,8.87
2014-06-05,9.45,9.63,9.43,9.62,56500300,9.03
2014-06-06,9.6,9.62,9.45,9.51,53426000,8.93
2014-06-09,9.46,9.67,9.46,9.54,58231700,8.95
2014-06-10,9.59,9.65,9.52,9.63,68256800,9.04
2014-06-11,9.59,9.63,9.55,9.59,46334800,9
2014-06-12,9.57,9.59,9.52,9.54,42917600,8.95
2014-06-13,9.55,9.78,9.54,9.73,129624900,9.13
2014-06-16,9.73,9.87,9.69,9.81,118477300,9.21
2014-06-17,9.83,9.83,9.71,9.73,91317000,9.13
2014-06-18,9.73,9.77,9.71,9.73,66459900,9.13
2014-06-19,9.74,9.81,9.6,9.64,68906400,9.05
2014-06-20,9.64,9.71,9.62,9.7,57665700,9.1
2014-06-23,9.71,9.77,9.63,9.66,86019500,9.07
2014-06-24,9.05,9.09,9.01,9.04,83305500,9.04
2014-06-25,9.05,9.05,8.97,8.98,46797700,8.98
2014-06-26,8.98,9.04,8.98,8.99,43052400,8.99
2014-06-27,8.99,9.02,8.96,8.97,42713200,8.97
2014-06-30,8.98,9.08,8.98,9.05,52645000,9.05
2014-07-01,9.08,9.1,9.01,9.06,42584500,9.06
2014-07-02,9.06,9.09,9.02,9.06,41262700,9.06
2014-07-03,9.06,9.09,9.03,9.07,64553200,9.07
2014-07-04,9.08,9.09,9.05,9.07,47263900,9.07
2014-07-07,9.07,9.08,9.03,9.05,42831400,9.05
2014-07-08,9.05,9.06,9.01,9.05,52592900,9.05
2014-07-09,9.05,9.05,8.91,8.92,75829600,8.92
2014-07-10,8.92,8.95,8.9,8.92,43284700,8.92
2014-07-11,8.92,8.99,8.91,8.94,58461200,8.94
2014-07-14,8.93,9.01,8.9,9,50192300,9
2014-07-15,9.01,9.02,8.98,9.01,57331600,9.01
2014-07-16,9.01,9.05,9,9.02,57758000,9.02
2014-07-17,9.03,9.04,8.97,8.99,43076100,8.99
2014-07-18,8.98,9.05,8.96,9.02,60143500,9.02
2014-07-21,9.01,9.02,8.97,8.98,43394500,8.98
2014-07-22,8.96,9.1,8.96,9.06,101186400,9.06
2014-07-23,9.04,9.14,9.04,9.08,95071800,9.08
2014-07-24,9.09,9.38,9.09,9.32,235007400,9.32
2014-07-25,9.38,9.44,9.3,9.39,134460900,9.39
2014-07-28,9.44,9.83,9.44,9.76,315856600,9.76
2014-07-29,9.8,9.88,9.72,9.78,203049400,9.78
2014-07-30,9.89,9.92,9.67,9.71,182728200,9.71
2014-07-31,9.69,9.81,9.66,9.8,113003600,9.8
2014-08-01,9.77,9.96,9.74,9.76,199316200,9.76
2014-08-04,9.82,9.94,9.73,9.92,167001300,9.92
2014-08-05,9.92,9.95,9.8,9.87,116942000,9.87
2014-08-06,9.83,9.83,9.66,9.74,134531000,9.74
2014-08-07,9.75,9.78,9.55,9.56,141244200,9.56
2014-08-08,9.56,9.6,9.5,9.54,120982700,9.54
2014-08-11,9.57,9.73,9.57,9.7,99902300,9.7
2014-08-12,9.69,9.7,9.6,9.64,80856100,9.64
2014-08-13,9.64,9.68,9.53,9.61,97201600,9.61
2014-08-14,9.63,9.68,9.58,9.6,102325600,9.6
2014-08-15,9.63,9.7,9.58,9.68,83507800,9.68
2014-08-18,9.69,9.81,9.67,9.72,96111600,9.72
2014-08-19,9.78,9.78,9.64,9.71,99796100,9.71
2014-08-20,9.71,9.71,9.63,9.64,70135500,9.64
2014-08-21,9.64,9.65,9.43,9.5,118057100,9.5
2014-08-22,9.5,9.58,9.47,9.54,76885700,9.54
2014-08-25,9.52,9.53,9.42,9.44,90596100,9.44
2014-08-26,9.43,9.5,9.41,9.46,85213600,9.46
2014-08-27,9.45,9.5,9.43,9.45,54628700,9.45
2014-08-28,9.45,9.45,9.36,9.36,70289100,9.36
2014-08-29,9.4,9.48,9.36,9.47,53881600,9.47
2014-09-01,9.49,9.52,9.44,9.49,68578000,9.49
2014-09-02,9.51,9.63,9.46,9.6,128705700,9.6
2014-09-03,9.63,9.74,9.62,9.68,128588100,9.68
2014-09-04,9.7,9.72,9.63,9.71,98919200,9.71
2014-09-05,9.73,9.78,9.69,9.74,126925900,9.74
2014-09-08,9.74,9.74,9.74,9.74,0,9.74
2014-09-09,9.75,9.82,9.68,9.7,123866000,9.7
2014-09-10,9.65,9.66,9.57,9.59,111659500,9.59
2014-09-11,9.6,9.73,9.57,9.6,119763100,9.6
2014-09-12,9.61,9.61,9.53,9.6,80296400,9.6
2014-09-15,9.56,9.64,9.51,9.6,99444400,9.6
2014-09-16,9.65,9.76,9.59,9.62,222751500,9.62
2014-09-17,9.63,9.66,9.53,9.57,116577400,9.57
2014-09-18,9.56,9.75,9.53,9.73,218993800,9.73
2014-09-19,9.72,9.91,9.7,9.85,286004700,9.85
2014-09-22,9.83,9.83,9.61,9.61,155546800,9.61
2014-09-23,9.61,9.69,9.6,9.63,88224100,9.63
2014-09-24,9.61,9.79,9.59,9.76,152637300,9.76
2014-09-25,9.79,9.83,9.68,9.71,137216300,9.71
2014-09-26,9.69,9.74,9.64,9.72,80598300,9.72
2014-09-29,9.75,9.81,9.72,9.76,121763000,9.76
2014-09-30,9.78,9.8,9.7,9.75,105093200,9.75
2014-10-01,9.75,9.75,9.75,9.75,0,9.75
2014-10-02,9.75,9.75,9.75,9.75,0,9.75
2014-10-03,9.75,9.75,9.75,9.75,0,9.75
2014-10-06,9.75,9.75,9.75,9.75,0,9.75
2014-10-07,9.75,9.75,9.75,9.75,0,9.75
2014-10-08,9.78,9.85,9.73,9.84,142724400,9.84
2014-10-09,9.85,9.94,9.81,9.85,130968200,9.85
2014-10-10,9.8,9.91,9.77,9.83,133030100,9.83
2014-10-13,9.79,9.83,9.68,9.73,109831200,9.73
2014-10-14,9.72,9.82,9.69,9.72,84002900,9.72
2014-10-15,9.72,9.85,9.64,9.79,133922200,9.79
2014-10-16,9.74,10.04,9.7,9.89,296366800,9.89
2014-10-17,9.88,10,9.75,9.85,161019800,9.85
2014-10-20,9.93,9.95,9.82,9.9,114718700,9.9
2014-10-21,9.89,9.91,9.76,9.78,105290600,9.78
2014-10-22,9.79,9.88,9.75,9.78,90011900,9.78
2014-10-23,9.78,9.88,9.72,9.75,118416300,9.75
2014-10-24,9.77,9.79,9.66,9.68,108312600,9.68
2014-10-27,9.62,9.63,9.4,9.47,138929400,9.47
2014-10-28,9.5,9.61,9.5,9.59,101044000,9.59
2014-10-29,9.61,9.75,9.57,9.7,161050600,9.7
2014-10-30,9.72,9.85,9.65,9.81,176780500,9.81
2014-10-31,9.88,10.38,9.85,10.2,491064700,10.2
2014-11-03,10.25,10.28,10.1,10.16,248371600,10.16
2014-11-04,10.2,10.2,10.02,10.07,163212600,10.07
2014-11-05,10.08,10.11,9.96,9.99,157561400,9.99
2014-11-06,10.01,10.04,9.95,10.03,101863000,10.03
2014-11-07,10.01,10.39,9.98,10.18,407114100,10.18
2014-11-10,10.53,10.81,10.42,10.55,489376800,10.55
2014-11-11,10.62,11.26,10.62,10.92,653738900,10.92
2014-11-12,10.85,11.07,10.74,11.05,271038500,11.05
2014-11-13,11.1,11.38,10.86,10.94,371263900,10.94
2014-11-14,10.88,10.98,10.75,10.9,198414300,10.9
2014-11-17,10.94,11.08,10.73,10.75,214519800,10.75
2014-11-18,10.75,10.8,10.43,10.45,254900900,10.45
2014-11-19,10.43,10.54,10.39,10.47,145326600,10.47
2014-11-20,10.45,10.66,10.37,10.57,162402500,10.57
2014-11-21,10.58,10.82,10.46,10.79,209997600,10.79
2014-11-24,10.57,10.99,10.45,10.86,474049900,10.86
2014-11-25,10.81,11.09,10.75,11.08,289490100,11.08
2014-11-26,11.25,11.43,11.1,11.32,452263300,11.32
2014-11-27,11.48,11.72,11.28,11.48,439738300,11.48
2014-11-28,11.53,12.48,11.48,12.4,832183200,12.4
2014-12-01,12.45,12.98,12.12,12.16,607270300,12.16
2014-12-02,12.03,13.08,12.03,12.87,589371000,12.87
2014-12-03,12.84,13.29,12.32,12.58,730561400,12.58
2014-12-04,12.58,13.3,12.37,13.27,720041600,13.27
2014-12-05,13.42,14,12.9,13.53,859647600,13.53
2014-12-08,13.39,14.04,13.2,13.81,703922500,13.81
2014-12-09,13.56,14.16,12.46,12.65,869193800,12.65
2014-12-10,12.7,13.25,12.21,13.16,620272400,13.16
2014-12-11,12.96,13.55,12.85,13.05,442571200,13.05
2014-12-12,13.05,13.38,12.78,12.98,310558700,12.98
2014-12-15,12.8,12.82,12.46,12.76,335025400,12.76
2014-12-16,12.88,13.3,12.85,13.29,438688000,13.29
2014-12-17,13.49,14.39,13.33,14.11,869703600,14.11
2014-12-18,14.22,14.34,13.71,13.89,499627800,13.89
2014-12-19,13.96,14.2,13.63,14.09,436244200,14.09
2014-12-22,14.18,15.2,14.14,14.68,683449500,14.68
2014-12-23,14.4,14.98,14.08,14.11,441578800,14.11
2014-12-24,14.11,14.2,13.31,13.46,417579500,13.46
2014-12-25,13.75,14.27,13.53,14.25,455721900,14.25
2014-12-26,14.3,14.84,14.19,14.77,466983100,14.77
2014-12-29,15.4,15.88,14.71,14.95,625216100,14.95
2014-12-30,14.95,15.5,14.83,15.36,443655500,15.36
2014-12-31,15.45,15.79,15.11,15.69,468832300,15.69
